000004
000006
000008
000009
000010
000013
000014
000015
000016
000018
000019
000021
000023
000024
000025
000026
000029
000030
000032
000034
000035
000036
000038
000039
000040
000044
000046
000047
000048
000049
000053
000054
000055
000056
000060
000063
000064
000065
000067
000068
000069
000071
000073
000074
000075
000076
000078
000079
000081
000082
000083
000084
000085
000088
000089
000091
000092
000093
000094
000097
000098
000099
000100
000102
000103
000104
000105
000108
000109
000110
000111
000114
000115
000116
000118
000121
000122
000123
000124
000126
000127
000129
000130
000131
000132
000133
000135
000136
000137
000138
000142
000143
000145
000146
000147
000149
000151
000152
000154
000155
000156
000158
000162
000163
000164
000166
000169
000170
000171
000176
000178
000179
000180
000181
000184
000185
000186
000187
000188
000192
000193
000194
000195
000196
000197
000198
000200
000204
000205
000206
000207
000208
000210
000212
000213
000214
000215
000216
000218
000219
000220
000223
000224
000225
000226
000227
000229
000234
000235
000236
000237
000238
000241
000242
000244
000245
000247
000248
000252
000253
000255
000256
000258
000262
000263
000265
000266
000267
000269
000270
000271
000272
000273
000274
000275
000276
000278
000280
000281
000282
000283
000284
000286
000288
000290
000291
000292
000295
000296
000297
000298
000299
000301
000302
000303
000305
000306
000307
000308
000311
000312
000314
000315
000317
000320
000322
000323
000324
000325
000333
000334
000335
000336
000337
000339
000342
000345
000347
000349
000352
000353
000355
000356
000360
000361
000363
000364
000365
000367
000372
000373
000374
000377
000378
000381
000383
000384
000385
000386
000389
000391
000394
000395
000398
000400
000401
000402
000404
000407
000409
000410
000412
000413
000417
000418
000421
000422
000424
000425
000426
000428
000430
000431
000432
000433
000436
000437
000441
000444
000446
000447
000448
000454
000455
000456
000457
000458
000459
000460
000461
000465
000470
000473
000476
000478
000479
000482
000484
000485
000487
000488
000489
000491
000492
000493
000494
000496
000498
000500
000501
000502
000503
000505
000507
000508
000510
000512
000513
000515
000517
000518
000521
000522
000523
000524
000527
000528
000530
000531
000534
000536
000537
000539
000540
000541
000542
000543
000549
000550
000551
000552
000553
000556
000558
000559
000560
000561
000563
000564
000565
000567
000568
000569
000570
000571
000572
000573
000574
000575
000576
000577
000578
000579
000585
000587
000588
000589
000591
000592
000593
000594
000595
000597
000598
000600
000601
000602
000603
000605
000607
000608
000610
000611
000612
000615
000616
000618
000620
000621
000622
000625
000629
000632
000634
000636
000638
000640
000642
000644
000645
000646
000652
000653
000655
000656
000658
000660
000661
000663
000665
000667
000669
000670
000671
000673
000674
000677
000679
000680
000681
000682
000683
000684
000687
000689
000690
000691
000694
000696
000697
000698
000701
000703
000706
000707
000708
000709
000710
000711
000714
000715
000716
000718
000719
000720
000721
000722
000726
000727
000728
000729
000732
000735
000737
000740
000742
000745
000746
000748
000750
000752
000753
000755
000756
000757
000759
000760
000761
000762
000763
000765
000767
000771
000772
000774
000776
000777
000778
000781
000786
000787
000789
000790
000791
000793
000794
000795
000797
000799
000800
000802
000803
000804
000805
000808
000809
000811
000812
000813
000815
000817
000818
000823
000825
000826
000830
000831
000833
000834
000835
000836
000837
000838
000839
000841
000842
000844
000845
000846
000849
000850
000851
000856
000857
000858
000861
000862
000863
000864
000865
000868
000871
000872
000873
000874
000875
000878
000879
000885
000887
000891
000893
000894
000895
000898
000899
000900
000902
000903
000905
000906
000909
000912
000914
000916
000919
000920
000921
000922
000924
000925
000926
000927
000928
000929
000930
000931
000934
000935
000936
000937
000939
000941
000943
000944
000945
000948
000949
000950
000951
000952
000954
000955
000956
000960
000961
000965
000966
000967
000968
000969
000972
000973
000974
000975
000976
000978
000980
000982
000984
000985
000986
000988
000989
000990
000991
000994
000996
000997
000998
001000
001003
